#Rev: sensefly/geoinfo/2
fileName	latitude	longitude	altitude_amsl	altitude_wgs84	heading	pitch	roll
IMG_2166.JPG	37.5448893000	139.0398406000	216.5906524658	255.8478698730	149.4499511719	5.2157397270	3.9811384678	
IMG_2167.JPG	37.5445143000	139.0402505000	219.6874542236	260.0406799316	149.0682983398	0.1262618601	-3.5062153339	
IMG_2168.JPG	37.5442295000	139.0407716000	219.3353424072	259.7753601074	132.9503784180	0.5505754948	12.2404966354	
IMG_2169.JPG	37.5439091000	139.0411828000	217.6339569092	257.3471069336	153.1497802734	3.8695869446	1.9112340212	
IMG_2170.JPG	37.5436013000	139.0415838000	217.1116027832	257.8037719727	146.1328582764	-0.2831844091	6.8564248085	
IMG_2171.JPG	37.5432999000	139.0420305000	217.4841613770	258.9920349121	142.8074798584	-0.2866778970	6.0571765900	
IMG_2172.JPG	37.5429695000	139.0424671000	218.8369293213	261.0393676758	139.6196289062	-3.6575262547	-5.6841545105	
IMG_2173.JPG	37.5426835000	139.0428871000	219.1238403320	260.1406555176	147.9068298340	4.4160184860	4.4056882858	
IMG_2174.JPG	37.5423908000	139.0432747000	219.1896057129	260.8517150879	137.8588256836	1.8990851641	-6.2523469925	
IMG_2175.JPG	37.5421127000	139.0436958000	219.8693237305	261.7359008789	144.5101623535	-3.1971406937	0.7864387035	
IMG_2176.JPG	37.5418062000	139.0440948000	220.1282043457	262.1688232422	142.3104095459	-2.0620255470	-10.3837347031	
IMG_2177.JPG	37.5415169000	139.0444797000	221.1074523926	262.9530944824	142.7395019531	-5.0906291008	-3.5840554237	
IMG_2178.JPG	37.5412341000	139.0448843000	220.7553405762	261.1331176758	149.0999755859	6.0338082314	-2.6581823826	
IMG_2179.JPG	37.5409378000	139.0452698000	220.4046325684	261.0764770508	142.1484680176	1.3881108761	-6.6072173119	
IMG_2180.JPG	37.5415630000	139.0453351000	218.5117187500	258.5503845215	299.3570251465	6.1497168541	-5.2243375778	
IMG_2181.JPG	37.5418224000	139.0449919000	219.5598907471	260.3000183105	304.1345214844	3.0027613640	-3.2584993839	
IMG_2182.JPG	37.5420528000	139.0446547000	220.3016967773	261.7559814453	298.4990234375	5.4824247360	-4.9646339417	
IMG_2183.JPG	37.5422995000	139.0443285000	220.4793701172	260.8561706543	301.4418334961	4.4666485786	0.4856204093	
IMG_2184.JPG	37.5425156000	139.0440138000	221.2324218750	261.1494140625	305.7208862305	-1.3146151304	1.3308994770	
IMG_2185.JPG	37.5427772000	139.0437311000	220.6591339111	260.0794677734	303.0137939453	-2.0149562359	-11.2404289246	
IMG_2186.JPG	37.5429653000	139.0433914000	222.4020080566	261.5414428711	307.5565185547	5.7398204803	5.3418507576	
IMG_2187.JPG	37.5432271000	139.0431038000	221.5912475586	260.9080505371	299.6905822754	6.6853084564	-10.0718212128	
IMG_2188.JPG	37.5434422000	139.0427824000	221.3057861328	261.0272827148	304.4576110840	3.4024460316	12.8803005219	
IMG_2189.JPG	37.5436538000	139.0424742000	221.4066772461	260.6806945801	298.0510864258	1.0938173532	1.9502061605	
IMG_2190.JPG	37.5438716000	139.0421616000	222.2398834229	261.2424316406	301.1785583496	10.4866294861	10.0299892426	
IMG_2191.JPG	37.5440882000	139.0418602000	224.6186981201	263.1497802734	299.3026428223	10.2878007889	-12.9287176132	
IMG_2192.JPG	37.5443120000	139.0415240000	224.1855010986	262.7817993164	298.5761108398	7.3602476120	-0.5570290685	
IMG_2193.JPG	37.5445652000	139.0411828000	222.9174194336	261.2415771484	303.8247985840	6.0305356979	6.5933613777	
IMG_2194.JPG	37.5448409000	139.0408474000	221.5951538086	260.4367675781	298.8230285645	3.4666399956	-7.5488924980	
IMG_2195.JPG	37.5450856000	139.0404947000	220.6956024170	259.3231811523	304.4077758789	0.2790031135	7.9139795303	
IMG_2196.JPG	37.5453426000	139.0401413000	221.1110534668	260.4932861328	302.2181396484	8.7796382904	6.3052124977	
IMG_2197.JPG	37.5456141000	139.0398096000	221.4587097168	261.1118469238	298.1604919434	6.8433423042	-10.3480129242	
IMG_2198.JPG	37.5455810000	139.0405966000	213.9615478516	251.9948425293	126.5064468384	0.4465917349	-12.3827066422	
IMG_2199.JPG	37.5453285000	139.0410622000	215.7985992432	254.3797912598	149.6180877686	4.4685506821	-1.4294059277	
IMG_2200.JPG	37.5450319000	139.0414275000	215.6670989990	254.4327239990	143.5295715332	-1.9214534760	-9.1526460648	
IMG_2201.JPG	37.5447768000	139.0418322000	216.2084808350	254.0582580566	144.5283203125	3.1466987133	0.7049674988	
IMG_2202.JPG	37.5444911000	139.0422044000	216.7154998779	254.9423370361	144.2932891846	-0.2789266109	0.2090695798	
IMG_2203.JPG	37.5442040000	139.0425890000	216.7925415039	255.5885620117	148.4399719238	0.8946688771	-3.0442130566	
IMG_2204.JPG	37.5439149000	139.0430192000	216.3158111572	255.3713226318	144.0834045410	0.4094687402	3.6935076714	
IMG_2205.JPG	37.5436360000	139.0434192000	217.6517944336	258.1722106934	142.3054351807	0.4541262984	-1.4067072868	
IMG_2206.JPG	37.5433426000	139.0438017000	219.4975280762	259.5937500000	148.5337829590	3.1756379604	-10.8415107727	
IMG_2207.JPG	37.5430654000	139.0442091000	220.1148681641	259.5484924316	140.2455139160	0.8352233171	0.6431826353	
IMG_2208.JPG	37.5427987000	139.0446030000	221.2746582031	261.8257141113	142.9747009277	-7.3401193619	6.4451036453	
IMG_2209.JPG	37.5425224000	139.0449557000	221.0023498535	261.0816345215	143.6310729980	2.0957295895	-12.9242200851	
IMG_2210.JPG	37.5422245000	139.0453389000	220.8935241699	259.7477722168	147.8715209961	4.0949225426	3.2820415497	
IMG_2211.JPG	37.5419257000	139.0457473000	223.1361083984	261.5415344238	144.4491729736	1.3949260712	-4.6534633636	
IMG_2212.JPG	37.5416356000	139.0462033000	221.8020172119	259.4454040527	140.9367523193	1.0759099722	0.8294855952	
IMG_2213.JPG	37.5422958000	139.0461874000	220.1712951660	258.0572509766	307.5977478027	5.4433279037	-8.1100015640	
IMG_2214.JPG	37.5425440000	139.0458540000	221.3795623779	259.7009582520	298.4756164551	-1.3035627604	-2.5763413906	
IMG_2215.JPG	37.5427709000	139.0455354000	221.2653656006	259.5795898438	305.5469055176	6.5536670685	9.9545755386	
IMG_2216.JPG	37.5430307000	139.0452079000	221.5257263184	259.6166076660	304.4257202148	1.3848062754	-8.7520494461	
IMG_2217.JPG	37.5432539000	139.0448896000	221.0290985107	259.2314758301	300.8059082031	8.0102605820	-0.5493041873	
IMG_2218.JPG	37.5435038000	139.0445763000	220.5386352539	258.0427246094	303.2686767578	2.6735298634	6.3541102409	
IMG_2219.JPG	37.5437067000	139.0442328000	220.4847869873	257.9406738281	302.7355346680	-5.8199243546	6.9702982903	
IMG_2220.JPG	37.5439580000	139.0439271000	220.6878662109	258.7079162598	297.9837951660	4.4023785591	-4.3512349129	
IMG_2221.JPG	37.5442019000	139.0435842000	221.0324554443	259.4628295898	304.4550170898	-2.2251787186	6.9039630890	
IMG_2222.JPG	37.5444454000	139.0432235000	221.1924285889	259.1073303223	301.3519592285	5.6275992393	8.6694478989	
IMG_2223.JPG	37.5446963000	139.0428948000	221.5551452637	259.3803405762	298.1492309570	2.8576664925	3.5442473888	
IMG_2224.JPG	37.5449513000	139.0425309000	222.4075622559	260.2928466797	304.6835327148	6.2754755020	11.6926498413	
IMG_2225.JPG	37.5452172000	139.0421915000	222.1445312500	259.2822265625	298.5767211914	6.3866219521	2.8121757507	
IMG_2226.JPG	37.5454590000	139.0418525000	222.4587402344	259.7053527832	303.9829406738	3.1786577702	1.3250756264	
IMG_2227.JPG	37.5457101000	139.0415062000	222.2489166260	259.1250000000	299.3346252441	0.8495457768	-3.5367228985	
IMG_2228.JPG	37.5459575000	139.0411826000	222.9833068848	259.9657897949	303.1081542969	6.8290662766	-9.1087522507	
IMG_2229.JPG	37.5461785000	139.0408488000	222.4899597168	260.0377502441	299.9277954102	7.0920739174	5.2859101295	
IMG_2230.JPG	37.5463326000	139.0415003000	217.2166900635	254.9200134277	155.9202575684	1.1410839558	-5.8426818848	
IMG_2231.JPG	37.5460164000	139.0419469000	216.8814849854	254.4242858887	134.7034301758	2.1072533131	-5.2455554008	
IMG_2232.JPG	37.5457372000	139.0423539000	217.2789001465	255.0029602051	149.2766876221	0.5168258548	7.6713099480	
IMG_2233.JPG	37.5454452000	139.0427467000	217.6123809814	255.7658081055	136.9353637695	2.1909537315	-5.2518782616	
IMG_2234.JPG	37.5451630000	139.0431496000	218.9533691406	257.8360290527	141.7243194580	5.2882556915	-4.8923873901	
IMG_2235.JPG	37.5448918000	139.0435566000	219.3813476562	259.1119995117	143.9861297607	3.3997566700	3.4871156216	
IMG_2236.JPG	37.5446049000	139.0439117000	220.3627471924	260.0017700195	142.2593688965	1.8589047194	-7.4663677216	
IMG_2237.JPG	37.5443492000	139.0443016000	221.6536865234	261.0997924805	137.9783477783	1.1273120642	2.1577179432	
IMG_2238.JPG	37.5440838000	139.0446383000	221.9850463867	260.8905029297	154.1798706055	-2.3309700489	1.2804239988	
IMG_2239.JPG	37.5438304000	139.0449954000	221.2715454102	260.0171813965	146.5062561035	4.0425939560	3.7194781303	
IMG_2240.JPG	37.5435417000	139.0453717000	221.2185821533	259.8161315918	141.9194641113	0.1383703798	-12.6112432480	
IMG_2241.JPG	37.5432860000	139.0457624000	220.8066253662	259.8025817871	142.1224670410	2.3614125252	-8.8499841690	
IMG_2242.JPG	37.5430205000	139.0461296000	221.3153991699	259.3526000977	137.4449005127	2.1554546356	-3.3193888664	
IMG_2243.JPG	37.5427638000	139.0465116000	221.2699737549	259.3390197754	148.9008026123	2.6181852818	-3.9857103825	
IMG_2244.JPG	37.5424546000	139.0468695000	222.0592041016	260.4642639160	146.9322662354	3.0523996353	0.9961932302	
IMG_2245.JPG	37.5430504000	139.0469523000	217.1663360596	254.3717956543	302.1642456055	0.0285651311	8.9069728851	
IMG_2246.JPG	37.5433686000	139.0466239000	217.5885009766	255.2193298340	309.6340026855	1.5265231133	-2.5888273716	
IMG_2247.JPG	37.5436116000	139.0462024000	219.3709716797	257.6497802734	294.2001342773	6.6959452629	4.6170654297	
IMG_2248.JPG	37.5439048000	139.0458568000	219.8651428223	257.6144714355	309.5763549805	5.0632023811	2.1583738327	
IMG_2249.JPG	37.5441540000	139.0454881000	220.3524017334	258.1092834473	299.3868713379	-1.7434607744	7.3378567696	
IMG_2250.JPG	37.5443923000	139.0451113000	221.0659790039	259.7384338379	294.9002685547	4.7503213882	8.9367465973	
IMG_2251.JPG	37.5446739000	139.0447743000	223.1860046387	261.9920349121	306.2936401367	4.2581858635	-5.0499820709	
IMG_2252.JPG	37.5449284000	139.0444245000	223.1992340088	261.1134338379	292.4169616699	3.6520483494	-3.1792445183	
IMG_2253.JPG	37.5451514000	139.0440675000	221.8513946533	258.9497985840	301.9813842773	11.1061267853	4.6537981033	
IMG_2254.JPG	37.5454227000	139.0437829000	221.3531951904	258.7445068359	305.3621215820	4.4889039993	-0.4708120227	
IMG_2255.JPG	37.5456462000	139.0434384000	221.5424346924	259.3200378418	299.4420471191	10.2629547119	-1.6926540136	
IMG_2256.JPG	37.5458804000	139.0431229000	222.3578186035	260.2554016113	302.0095214844	8.9562911987	7.3526234627	
IMG_2257.JPG	37.5460906000	139.0428181000	223.5596160889	261.2315673828	291.7416076660	10.9353017807	-14.5731325150	
IMG_2258.JPG	37.5463087000	139.0424816000	223.3127899170	261.2287902832	300.2196350098	8.8341789246	-0.7759782672	
IMG_2259.JPG	37.5465260000	139.0421428000	221.5324707031	259.6092224121	292.1136169434	3.6031813622	5.7657351494	
IMG_2260.JPG	37.5468015000	139.0418370000	221.7324066162	259.8400573730	314.9721679688	-0.4521203041	1.2599580288	
IMG_2261.JPG	37.5470693000	139.0415252000	221.7619171143	260.1855163574	290.4765014648	0.3109678626	-11.2738485336	
IMG_2262.JPG	37.5470292000	139.0424415000	216.1320190430	252.2710571289	124.5509338379	0.2323195487	-11.1164808273	
IMG_2263.JPG	37.5466728000	139.0428548000	216.6144409180	252.9770050049	160.3325042725	1.3677850962	-3.8015820980	
IMG_2264.JPG	37.5463813000	139.0433113000	216.8088226318	253.2741241455	131.7468566895	2.0576870441	11.4604606628	
IMG_2265.JPG	37.5460713000	139.0437781000	218.0327301025	255.2780609131	144.0491027832	3.0261275768	2.3830022812	
IMG_2266.JPG	37.5457428000	139.0442008000	219.2617187500	256.9271545410	147.4048309326	4.9902067184	7.9922580719	
IMG_2267.JPG	37.5454591000	139.0446057000	220.4099426270	258.1129150391	149.8730468750	1.9698622227	5.2630639076	
IMG_2268.JPG	37.5451529000	139.0449901000	220.2126007080	258.1808166504	142.7830047607	-1.1906149387	-10.9279623032	
IMG_2269.JPG	37.5448878000	139.0454174000	220.2705383301	257.8773193359	138.8819885254	0.7688366175	-9.4898900986	
IMG_2270.JPG	37.5445836000	139.0457904000	222.1763916016	260.4135131836	145.9489288330	1.8137501478	-15.4289960861	
IMG_2271.JPG	37.5443038000	139.0462100000	222.4421234131	260.2756958008	134.7508544922	5.9947519302	-14.1242151260	
IMG_2272.JPG	37.5440517000	139.0466014000	223.2724456787	262.3274230957	154.0121765137	2.9109170437	9.9518041611	
IMG_2273.JPG	37.5437486000	139.0469431000	222.4788970947	261.4079284668	145.2073211670	-0.3136624396	4.3136439323	
IMG_2274.JPG	37.5434666000	139.0473462000	221.8409118652	260.3058776855	147.9431304932	8.0696802139	2.5642783642	
IMG_2275.JPG	37.5431952000	139.0477584000	219.9786224365	256.9370727539	147.7828369141	8.8879394531	5.9774498940	
IMG_2276.JPG	37.5437797000	139.0478057000	218.2158813477	254.7089538574	306.6011352539	5.6485109329	14.1602830887	
IMG_2277.JPG	37.5440761000	139.0474561000	219.7939605713	256.7933654785	302.6884460449	0.1282793880	5.1338849068	
IMG_2278.JPG	37.5443646000	139.0470906000	221.1165008545	258.2437744141	307.3017272949	5.0024499893	9.0505456924	
IMG_2279.JPG	37.5446135000	139.0467276000	222.8342132568	260.1850280762	306.1230468750	4.3293476105	7.9506998062	
IMG_2280.JPG	37.5448844000	139.0463838000	223.8540496826	262.0746459961	307.8600158691	11.5980081558	-0.4017916322	
IMG_2281.JPG	37.5451224000	139.0460261000	222.6188507080	259.7353820801	292.9231567383	0.1665318906	-4.5769963264	
IMG_2282.JPG	37.5453687000	139.0456594000	221.5399169922	259.1724853516	306.5649108887	7.0891957283	11.5190067291	
IMG_2283.JPG	37.5456305000	139.0453140000	220.8328552246	259.6078796387	297.4304809570	7.5857248306	-9.9308452606	
IMG_2284.JPG	37.5458663000	139.0449904000	221.3522796631	260.0057373047	304.7639160156	3.4549012184	1.6544229984	
IMG_2285.JPG	37.5460942000	139.0446569000	221.5613708496	260.5674438477	300.5321044922	11.1259412766	-1.7718645334	
IMG_2286.JPG	37.5463311000	139.0443346000	222.7933349609	260.7793579102	306.1714477539	8.7084617615	-4.8786463737	
IMG_2287.JPG	37.5465731000	139.0440199000	222.3922424316	260.2569885254	299.2064514160	9.0757389069	-0.0226682406	
IMG_2288.JPG	37.5468045000	139.0436786000	222.6743774414	260.9692077637	302.0156555176	10.1690359116	6.4981832504	
IMG_2289.JPG	37.5470624000	139.0434111000	222.6930236816	260.9338989258	308.7677612305	6.9012970924	-13.4582290649	
IMG_2290.JPG	37.5472601000	139.0430133000	220.5301513672	259.4286499023	296.7993469238	0.8020173907	7.9313554764	
IMG_2291.JPG	37.5475280000	139.0427379000	221.4731903076	259.6481628418	308.4300842285	-1.8404672146	-12.5507488251	
IMG_2292.JPG	37.5477299000	139.0424102000	221.5661163330	259.4514770508	304.4052429199	4.4382457733	14.4004430771	
IMG_2293.JPG	37.5477650000	139.0432905000	214.1815338135	250.4122772217	122.4712371826	1.1870725155	-9.3211317062	
IMG_2294.JPG	37.5473673000	139.0437307000	215.3399505615	251.2229461670	157.8923797607	1.4631417990	-8.8157529831	
IMG_2295.JPG	37.5470516000	139.0442755000	217.5886688232	254.2341308594	128.0661773682	0.9956194758	7.7833137512	
IMG_2296.JPG	37.5467102000	139.0447061000	218.8593597412	256.7142333984	151.1739654541	1.6679565907	-3.3049252033	
IMG_2297.JPG	37.5463786000	139.0451665000	219.3874206543	257.6121826172	144.1505737305	0.2741636336	2.5086891651	
IMG_2298.JPG	37.5460723000	139.0456135000	220.2482757568	257.9260864258	140.8575897217	6.8326058388	0.0108402725	
IMG_2299.JPG	37.5457428000	139.0460528000	220.6576843262	258.6267089844	145.4822082520	5.7766571045	-0.0145583348	
IMG_2300.JPG	37.5454102000	139.0465146000	220.7249298096	258.0274353027	148.0035400391	0.0825261548	-1.3279259205	
IMG_2301.JPG	37.5451149000	139.0469359000	221.0336761475	258.7745361328	135.7008056641	6.5352859497	-11.7950668335	
IMG_2302.JPG	37.5448224000	139.0473509000	220.4401245117	258.8892822266	142.0361480713	5.6996421814	-5.0604553223	
IMG_2303.JPG	37.5445236000	139.0477715000	219.9234619141	257.8632812500	149.2054901123	-1.7783311605	5.2090439796	
IMG_2304.JPG	37.5442068000	139.0481711000	220.5634002686	258.5209350586	143.0875701904	4.8454117775	-6.7629504204	
IMG_2305.JPG	37.5439273000	139.0486174000	220.5118865967	257.4492797852	142.3572235107	0.7745151520	7.3304448128	
